function mpc = case108_v1
%CASE108BW  Power flow data for 108 bus distribution system
%   Please see CASEFORMAT for details on the case file format.
%
%   Data from ...
%   Liu J, Zhou Y, Li Y, et al. 
%   Modelling and analysis of radial distribution network... 
%   with high penetration of renewable energy considering the time series characteristics[J]. 
%   IET Generation, Transmission \& Distribution, 2020, 14(14): 2800-2809.

%% MATPOWER Case Format : Version 2
mpc.version = '2';

%%-----  Power Flow Data  -----%%
%% system MVA base
mpc.baseMVA = 10;

%% bus data
%	bus_i	type	Pd	Qd	Gs	Bs	area	Vm	Va	baseKV	zone	Vmax	Vmin
mpc.bus = [ %% (Pd and Qd are specified in kW & kVAr here, converted to MW & MVAr below)
    1	3	0	0	0	0	1	1	0	10	1	1	1;
    2	1	80	32	0	0	1	1	0	10	1	1.1	0.9;
    3	1	25	10	0	0	1	1	0	10	1	1.1	0.9;
    4	1	50	20	0	0	1	1	0	10	1	1.1	0.9;
    5	1	10	4	0	0	1	1	0	10	1	1.1	0.9;
    6	1	100	40	0	0	1	1	0	10	1	1.1	0.9;
    7	1	100	40	0	0	1	1	0	10	1	1.1	0.9;
    8	1	15	6	0	0	1	1	0	10	1	1.1	0.9;
    9	1	62.5	25	0	0	1	1	0	10	1	1.1	0.9;
    10	1	50	20	0	0	1	1	0	10	1	1.1	0.9;
    11	1	50	15	0	0	1	1	0	10	1	1.1	0.9;
    12	1	80	24	0	0	1	1	0	10	1	1.1	0.9;
    13	1	40	12	0	0	1	1	0	10	1	1.1	0.9;
    14	1	80	24	0	0	1	1	0	10	1	1.1	0.9;
    15	1	40	12	0	0	1	1	0	10	1	1.1	0.9;
    16	1	100	30	0	0	1	1	0	10	1	1.1	0.9;
    17	1	100	30	0	0	1	1	0	10	1	1.1	0.9;
    18	1	15	4.5	0	0	1	1	0	10	1	1.1	0.9;
    19	1	25	7.5	0	0	1	1	0	10	1	1.1	0.9;
    20	1	40	12	0	0	1	1	0	10	1	1.1	0.9;
    21	1	10	3	0	0	1	1	0	10	1	1.1	0.9;
    22	1	315	94.5	0	0	1	1	0	10	1	1.1	0.9;
    23	1	100	30	0	0	1	1	0	10	1	1.1	0.9;
    24	1	100	30	0	0	1	1	0	10	1	1.1	0.9;
    25	1	15	4.5	0	0	1	1	0	10	1	1.1	0.9;
    26	1	25	7.5	0	0	1	1	0	10	1	1.1	0.9;
    27	1	25	7.5	0	0	1	1	0	10	1	1.1	0.9;
    28	1	50	15	0	0	1	1	0	10	1	1.1	0.9
    29	1	157.5	47.25	0	0	1	1	0	10	1	1.1	0.9;
    30	1	25	7.5	0	0	1	1	0	10	1	1.1	0.9;
    31	1	50	15	0	0	1	1	0	10	1	1.1	0.9;
    32	1	100	30	0	0	1	1	0	10	1	1.1	0.9;
    33	1	25	7.5	0	0	1	1	0	10	1	1.1	0.9;
    34	1	40	12	0	0	1	1	0	10	1	1.1	0.9;
    35	1	100	30	0	0	1	1	0	10	1	1.1	0.9;
    36	1	100	30	0	0	1	1	0	10	1	1.1	0.9;
    37	1	80	24	0	0	1	1	0	10	1	1.1	0.9;
    38	1	50	15	0	0	1	1	0	10	1	1.1	0.9;
    39	1	50	30	0	0	1	1	0	10	1	1.1	0.9;
    40	1	50	30	0	0	1	1	0	10	1	1.1	0.9;
    41	1	50	30	0	0	1	1	0	10	1	1.1	0.9;
    42	1	100	60	0	0	1	1	0	10	1	1.1	0.9;
    43	1	25	15	0	0	1	1	0	10	1	1.1	0.9;
    44	1	100	60	0	0	1	1	0	10	1	1.1	0.9;
    45	1	25	15	0	0	1	1	0	10	1	1.1	0.9;
    46	1	50	30	0	0	1	1	0	10	1	1.1	0.9;
    47	1	10	6	0	0	1	1	0	10	1	1.1	0.9;
    48	1	40	24	0	0	1	1	0	10	1	1.1	0.9;
    49	1	50	30	0	0	1	1	0	10	1	1.1	0.9;
    50	1	60	46.2	0	0	1	1	0	10	1	1.1	0.9;
    51	1	12	7.2	0	0	1	1	0	10	1	1.1	0.9;
    52	1	240	144	0	0	1	1	0	10	1	1.1	0.9;
    53	1	480	288	0	0	1	1	0	10	1	1.1	0.9;
    54	1	18	10.8	0	0	1	1	0	10	1	1.1	0.9;
    55	1	96	57.6	0	0	1	1	0	10	1	1.1	0.9;
    56	1	30	18	0	0	1	1	0	10	1	1.1	0.9;
    57	1	60	36	0	0	1	1	0	10	1	1.1	0.9;
    58	1	12	7.2	0	0	1	1	0	10	1	1.1	0.9;
    59	1	120	72	0	0	1	1	0	10	1	1.1	0.9;
    60	1	120	72	0	0	1	1	0	10	1	1.1	0.9;
    61	1	18	10.8	0	0	1	1	0	10	1	1.1	0.9;
    62	1	75	45	0	0	1	1	0	10	1	1.1	0.9;
    63	1	60	36	0	0	1	1	0	10	1	1.1	0.9;
    64	1	48	28.8	0	0	1	1	0	10	1	1.1	0.9;
    65	1	30	18	0	0	1	1	0	10	1	1.1	0.9;
    66	1	120	72	0	0	1	1	0	10	1	1.1	0.9;
    67	1	120	72	0	0	1	1	0	10	1	1.1	0.9;
    68	1	18	10.8	0	0	1	1	0	10	1	1.1	0.9;
    69	1	48	28.8	0	0	1	1	0	10	1	1.1	0.9;
    70	1	60	36	0	0	1	1	0	10	1	1.1	0.9;
    71	1	60	36	0	0	1	1	0	10	1	1.1	0.9;
    72	1	60	36	0	0	1	1	0	10	1	1.1	0.9;
    73	1	60	36	0	0	1	1	0	10	1	1.1	0.9;
    74	1	96	57.6	0	0	1	1	0	10	1	1.1	0.9;
    75	1	48	28.8	0	0	1	1	0	10	1	1.1	0.9;
    76	1	96	57.6	0	0	1	1	0	10	1	1.1	0.9;
    77	1	48	28.8	0	0	1	1	0	10	1	1.1	0.9;
    78	1	120	72	0	0	1	1	0	10	1	1.1	0.9;
    79	1	120	72	0	0	1	1	0	10	1	1.1	0.9;
    80	1	18	10.8	0	0	1	1	0	10	1	1.1	0.9;
    81	1	30	18	0	0	1	1	0	10	1	1.1	0.9;
    82	1	48	28.8	0	0	1	1	0	10	1	1.1	0.9;
    83	1	12	9.24	0	0	1	1	0	10	1	1.1	0.9;
    84	1	378	291.06	0	0	1	1	0	10	1	1.1	0.9;
    85	1	120	92.4	0	0	1	1	0	10	1	1.1	0.9;
    86	1	120	92.4	0	0	1	1	0	10	1	1.1	0.9;
    87	1	18	13.86	0	0	1	1	0	10	1	1.1	0.9;
    88	1	30	23.1	0	0	1	1	0	10	1	1.1	0.9;
    89	1	30	23.1	0	0	1	1	0	10	1	1.1	0.9;
    90	1	60	46.2	0	0	1	1	0	10	1	1.1	0.9;
    91	1	189	145.53	0	0	1	1	0	10	1	1.1	0.9;
    92	1	30	23.1	0	0	1	1	0	10	1	1.1	0.9;
    93	1	60	46.2	0	0	1	1	0	10	1	1.1	0.9;
    94	1	120	92.4	0	0	1	1	0	10	1	1.1	0.9;
    95	1	30	23.1	0	0	1	1	0	10	1	1.1	0.9;
    96	1	48	36.96	0	0	1	1	0	10	1	1.1	0.9;
    97	1	120	92.4	0	0	1	1	0	10	1	1.1	0.9;
    98	1	120	92.4	0	0	1	1	0	10	1	1.1	0.9;
    99	1	96	73.92	0	0	1	1	0	10	1	1.1	0.9;
    100	1	48	19.2	0	0	1	1	0	10	1	1.1	0.9;
    101	1	30	12	0	0	1	1	0	10	1	1.1	0.9;
    102	1	120	48	0	0	1	1	0	10	1	1.1	0.9;
    103	1	120	48	0	0	1	1	0	10	1	1.1	0.9;
    104	1	18	7.2	0	0	1	1	0	10	1	1.1	0.9;
    105	1	48	19.2	0	0	1	1	0	10	1	1.1	0.9;
    106	1	60	24	0	0	1	1	0	10	1	1.1	0.9;
    107	1	60	18	0	0	1	1	0	10	1	1.1	0.9;
    108	1	60	18	0	0	1	1	0	10	1	1.1	0.9;
];

mpc.bus(:,3:4) = mpc.bus(:,3:4) * 0.6;  %% 

%% generator data
%	bus	Pg	Qg	Qmax	Qmin	Vg	mBase	status	Pmax	Pmin	Pc1	Pc2	Qc1min	Qc1max	Qc2min	Qc2max	ramp_agc	ramp_10	ramp_30	ramp_q	apf
mpc.gen = [
    1	0	0	100	-100	1	100	1	10	0	0	0	0	0	0	0	0	0	0	0	0;
%     2	0	0	0.028	-0.028	1	100	0	0.028	0	0	0	0	0	0	0	0	0	0	0	0;
%     18	0	0	0.028	-0.028	1	100	0	0.028	0	0	0	0	0	0	0	0	0	0	0	0;
%     20	0	0	0.06	-0.06	1	100	0	0.06	0	0	0	0	0	0	0	0	0	0	0	0;
%     21	0	0	0.035	-0.035	1	100	0	0.035	0	0	0	0	0	0	0	0	0	0	0	0;
%     22	0	0	0.057	-0.057	1	100	0	0.057	0	0	0	0	0	0	0	0	0	0	0	0;
%     25	0	0	0.14	-0.14	1	100	0	0.14	0	0	0	0	0	0	0	0	0	0	0	0;
%     28	0	0	0.028	-0.028	1	100	0	0.028	0	0	0	0	0	0	0	0	0	0	0	0;
%     31	0	0	0.081	-0.081	1	100	0	0.081	0	0	0	0	0	0	0	0	0	0	0	0;
%     32	0	0	0.01	-0.01	1	100	0	0.01	0	0	0	0	0	0	0	0	0	0	0	0;
%     35	0	0	0.01	-0.01	1	100	0	0.01	0	0	0	0	0	0	0	0	0	0	0	0;
%     36	0	0	0.028	-0.028	1	100	0	0.028	0	0	0	0	0	0	0	0	0	0	0	0;
%     40	0	0	0.088	-0.088	1	100	0	0.088	0	0	0	0	0	0	0	0	0	0	0	0;
%     44	0	0	0.14	-0.14	1	100	0	0.14	0	0	0	0	0	0	0	0	0	0	0	0;
%     47	0	0	0.057	-0.057	1	100	0	0.057	0	0	0	0	0	0	0	0	0	0	0	0;
%     49	0	0	0.035	-0.035	1	100	0	0.035	0	0	0	0	0	0	0	0	0	0	0	0;
%     72	0	0	0.285	-0.285	1	100	0	0.285	0	0	0	0	0	0	0	0	0	0	0	0;
%     74	0	0	0.64	-0.64	1	100	0	0.64	0	0	0	0	0	0	0	0	0	0	0	0;
%     75	0	0	0.857	-0.857	1	100	0	0.857	0	0	0	0	0	0	0	0	0	0	0	0;
%     79	0	0	0.571	-0.571	1	100	0	0.571	0	0	0	0	0	0	0	0	0	0	0	0;
%     92	0	0	0.857	-0.857	1	100	0	0.857	0	0	0	0	0	0	0	0	0	0	0	0 ; 
%     93	0	0	0.571	-0.571	1	100	0	0.571	0	0	0	0	0	0	0	0	0	0	0	0;
%     99	0	0	0.945	-0.945	1	100	0	0.945	0	0	0	0	0	0	0	0	0	0	0	0;
%     101	0	0	0.677	-0.677	1	100	0	0.677	0	0	0	0	0	0	0	0	0	0	0	0;
%     102	0	0	1.194	-1.194	1	100	0	1.194	0	0	0	0	0	0	0	0	0	0	0	0;
%     108	0	0	1.415	-1.415	1	100	0	1.415	0	0	0	0	0	0	0	0	0	0	0	0;
];
%% branch data
%	fbus	tbus	r	x	b	rateA	rateB	rateC	ratio	angle	status	angmin	angmax
